"Bond","SP500","EAFE","SPGSCI"
"Q1y_1984",0.871605826370251,0.00477762687285185,0.0109116441190742,0.112704902637823
"Q2y_1984",0.889783569516868,0,0.00617877719252601,0.104037653290606
"Q3y_1984",0.808587375016791,0.00242829949311527,0,0.188984325490093
"Q4y_1984",0.776974313749082,0.0250584946961329,0,0.197967191554785
"Q1y_1985",0.730258020569149,0.0469257143982935,0,0.222816265032557
"Q2y_1985",0.756521681649986,0.0447172217563282,0,0.198761096593686
"Q3y_1985",0.716457752236483,0.0666276214763916,0.0284779100584668,0.188436716228659
"Q4y_1985",0.80978435999588,0,0.0417065659069976,0.148509074097122
"Q1y_1986",0.706983375921135,0.0438877834257868,0.0806500623885741,0.168478778264504
"Q2y_1986",0.77677959018272,0.0588768904312777,0.0459191702506151,0.118424349135387
"Q3y_1986",0.846907443684279,0.0295469383043256,0.019065818669598,0.104479799341798
"Q4y_1986",0.895741169273878,0,0.0193208669001028,0.0849379638260195
"Q1y_1987",0.923179001364563,0,0,0.076820998635437
"Q2y_1987",0.917487592161531,0.0171754765717815,0,0.0653369312666876
"Q3y_1987",0.817643620740114,0.0360245812292565,0.0136321133954659,0.132699684635164
"Q4y_1987",0.74567464109994,0.070736415061877,0.026924312169975,0.156664631668209
"Q1y_1988",0.791850843578842,0,0,0.208149156421158
"Q2y_1988",0.739329707210154,0,0.0152015288576926,0.245468763932153
"Q3y_1988",0.762192630258691,0.000948026439366672,0.00894695707608368,0.227912386225859
"Q4y_1988",0.81867460419139,0,0,0.181325395808609
"Q1y_1989",0.820091366329677,0,0,0.179908633670323
"Q2y_1989",0.838666474669503,0,0,0.161333525330497
"Q3y_1989",0.806786703076145,0,0,0.193213296923855
"Q4y_1989",0.796658025449259,0.00767443043678136,0,0.19566754411396
"Q1y_1990",0.830714751735257,0.00259920273917489,0,0.166686045525568
"Q2y_1990",0.841167285114057,0,0,0.158832714885943
"Q3y_1990",0.830549030915222,0,0,0.169450969084778
"Q4y_1990",0.814970974139267,0,0,0.185029025860733
"Q1y_1991",0.854146775612224,0,0,0.145853224387776
"Q2y_1991",0.897065223256617,0.000476773861056701,3.84549356768963e-11,0.102458002843872
"Q3y_1991",0.912661300549703,0,0,0.0873386994502973
"Q4y_1991",0.900447955657398,0,0,0.099552044342602
"Q1y_1992",0.889781444167662,0,0,0.110218555832338
"Q2y_1992",0.860357883443967,0.00161880816217538,0,0.138023308393857
"Q3y_1992",0.887671752686215,0,0,0.112328247313785
"Q4y_1992",0.912898593917074,0,0,0.087101406082926
"Q1y_1993",0.883462454204355,0.0089980268072745,0,0.107539518988370
"Q2y_1993",0.815500128961091,0.0117696906447670,0,0.172730180394142
"Q3y_1993",0.905165389400162,0.0163618932860506,0,0.0784727173137877
"Q4y_1993",0.875033131876418,0.00438342209943160,0,0.120583446024151
"Q1y_1994",0.873671607411075,0.0393819304909464,0,0.0869464620979789
"Q2y_1994",0.68471640788832,0.124293825760219,0.00317561538313981,0.187814150968322
"Q3y_1994",0.771975903491077,0.0707012516173914,0.0243327951136100,0.132990049777921
"Q4y_1994",0.767269528219568,0.0618329287390112,0.0293022550793321,0.141595287962088
"Q1y_1995",0.865303928217606,0.0141275067590635,0.0083619512192949,0.112206613804036
"Q2y_1995",0.82447590242173,0.0208195992107938,0.00672930050041381,0.147975197867063
"Q3y_1995",0.692575600181886,0.101105710247304,0,0.206318689570811
"Q4y_1995",0.769569723236407,0.0585108674011055,0,0.171919409362488
"Q1y_1996",0.92425145823616,0,0,0.075748541763841
"Q2y_1996",0.702882686189817,0.161859034949965,0,0.135258278860218
"Q3y_1996",0.696488140324417,0.184523727757222,0,0.118988131918361
"Q4y_1996",0.889889719230339,0.0131966872072150,0.00212068196086731,0.0947929116015786
"Q1y_1997",0.867330479180553,0.00589202724991351,0.0137715090516153,0.113005984517918
"Q2y_1997",0.899481616549665,0,0.0146860581487604,0.0858323253015746
"Q3y_1997",0.935850119073518,0,0,0.0641498809264814
"Q4y_1997",0.87838786849429,0,0,0.121612131505711
"Q1y_1998",0.978603007794171,0,0,0.0213969922058286
"Q2y_1998",0.985693509809076,0,0,0.0143064901909236
"Q3y_1998",1,0,0,0
"Q4y_1998",1,0,0,0
"Q1y_1999",1,0,0,0
"Q2y_1999",0.979848994440076,0,0.0201510055599238,0
"Q3y_1999",0.977012045368278,0,0.0229879546317218,0
"Q4y_1999",0.974881899643135,0,0.0251181003568649,0
"Q1y_2000",0.964339854304893,0,0.0356601456951065,0
"Q2y_2000",0.968270988542683,0,0.0317290114573169,0
"Q3y_2000",0.962357623863207,0,0.0272363218679724,0.010406054268821
"Q4y_2000",0.991137942823778,0,0.00886205717622227,0
"Q1y_2001",0.976548057816548,0,0.0170154495401937,0.00643649264325807
"Q2y_2001",1,0,0,0
"Q3y_2001",1,0,0,0
"Q4y_2001",1,0,0,0
"Q1y_2002",0.961374143793813,0,0.0386258562061865,0
"Q2y_2002",0.916341130670575,0,0.0670056195471856,0.0166532497822399
"Q3y_2002",0.936705882374612,0,0.048622712989766,0.0146714046356213
"Q4y_2002",0.95449445636105,0,0.0190793925399854,0.0264261510989643
"Q1y_2003",0.941772058785015,0,0.0376346054212464,0.0205933357937389
"Q2y_2003",0.969414206581181,0,0.0305857934188189,0
"Q3y_2003",0.963432750563226,0,0.0365672494367743,0
"Q4y_2003",0.844416951862098,0.00233529259118497,0.120706019041769,0.0325417365049475
"Q1y_2004",0.849346842500273,0.00293190929735354,0.102542876453522,0.0451783717488514
"Q2y_2004",0.879253099124998,0,0.0871348878527322,0.0336120130222698
"Q3y_2004",0.803192415592366,0.0310267178771328,0.101107646377072,0.0646732201534292
"Q4y_2004",0.845644735906588,0.0326758152611044,0.0855324156827708,0.0361470331495367
"Q1y_2005",0.86004309340454,0.0481660328191308,0.0779085238119042,0.0138823499644247
"Q2y_2005",0.854751025949397,0.0599630673524559,0.0559688062004954,0.0293171004976512
"Q3y_2005",0.877779820190773,0.0632616337189216,0.0404069712589510,0.0185515748313549
"Q4y_2005",0.799855358077034,0.119599368498269,0.0497402268788939,0.0308050465458034
"Q1y_2006",0.837657385895539,0.107520942835845,0.0419155910790027,0.0129060801896137
"Q2y_2006",0.82895484870041,0.114584316244071,0.0473599102106025,0.00910092484491633
"Q3y_2006",0.864271491208675,0.0894717119935458,0.0327366812279998,0.0135201155697792
"Q4y_2006",0.82923101071227,0.150962062805661,0.00504693561138403,0.0147599908706846
"Q1y_2007",0.820351630435325,0.158082940264556,0.00994679783909518,0.0116186314610235
"Q2y_2007",0.80443694302262,0.168841421529706,0.00587718643125907,0.0208444490164145
"Q3y_2007",0.808599059016699,0.135412090685558,0.0260074699205608,0.0299813803771823
"Q4y_2007",0.842882757515236,0.117992056870304,0.0164100751871300,0.0227151104273301
"Q1y_2008",0.838272087448336,0.131212768575485,0,0.0305151439761786
"Q2y_2008",0.868876869022356,0.100100873927117,0,0.0310222570505265
"Q3y_2008",0.872488267351291,0.0804184566721168,0,0.0470932759765922
"Q4y_2008",0.911244462584757,0.0740900111164807,2.98275953808412e-11,0.0146655262689347
"Q1y_2009",0.903128079251027,0.0910857655983026,0,0.00578615515067008
"Q2y_2009",0.941684742138586,0.0557127764519454,6.46799189308867e-11,0.00260248134478875
"Q3y_2009",0.951834872783137,0.0457946106995494,0,0.00237051651731335
"Q4y_2009",0.957969982256554,0.0420300177434463,0,0
"Q1y_2010",0.917631739398858,0.0595245118315871,0.00515310053961013,0.0176906482299450
"Q2y_2010",0.935573620659471,0.0593080056766283,0,0.00511837366390076
"Q3y_2010",0.963058167161236,0.0369418328387639,0,0
