"Bond","SP500","EAFE","SPGSCI"
"Q1y_1984",0.39998819857452,0.399998091847007,0.0880999019067538,0.111913807671719
"Q2y_1984",0.399963291560665,0.399998408554912,0.116018330235261,0.0840199696491619
"Q3y_1984",0.399984872204236,0.399978153687908,0.0802096125203547,0.119827361587501
"Q4y_1984",0.399998290544671,0.39998589367057,0.0644680480163826,0.135547767768377
"Q1y_1985",0.399991535032642,0.399985497614043,0.0495744541393854,0.150448513213930
"Q2y_1985",0.399979356913344,0.399992180806791,0.0441911645919426,0.155837297687923
"Q3y_1985",0.399991401066209,0.399930021057471,0.0517469798787695,0.148331597997551
"Q4y_1985",0.399997903778099,0.399943280329871,0.0433062536081205,0.156752562283909
"Q1y_1986",0.399990660833913,0.399930318721986,0.0147070900091280,0.185371930434973
"Q2y_1986",0.399992874349611,0.399990972777173,0.0895862648761034,0.110429887997113
"Q3y_1986",0.399999873977377,0.39996539564354,0.0315481388644276,0.168486591514655
"Q4y_1986",0.399998926131093,0.353591359400888,0.127717102772125,0.118692611695893
"Q1y_1987",0.39999765516105,0.399935238976289,0.0383994513745377,0.161667654488123
"Q2y_1987",0.399999955651588,0.399999914509961,0.0989043824463695,0.101095747392081
"Q3y_1987",0.399984220487725,0.399995693648465,0.0839109859709631,0.116109099892847
"Q4y_1987",0.399973969608587,0.399983950240273,0.0996794902202224,0.100362589930917
"Q1y_1988",0.399999934467153,0.155422463770984,0.144754994655812,0.299822607106051
"Q2y_1988",0.399984940875445,0.200036152259797,6.85367195251039e-05,0.399910370145232
"Q3y_1988",0.399999994071353,0.220652824967655,7.93391876449506e-07,0.379346387569116
"Q4y_1988",0.399994671522418,0.231824058364742,8.09982306674327e-05,0.368100271882172
"Q1y_1989",0.399999974738524,0.21347368949435,7.22938471334956e-07,0.386525612828655
"Q2y_1989",0.399998986715137,0.209281651621374,5.70493918987352e-06,0.390713656724299
"Q3y_1989",0.399994989732352,0.214333589884162,1.18435507864613e-06,0.385670236028408
"Q4y_1989",0.399999424831345,0.205864339880607,4.68148254205443e-07,0.394135767139793
"Q1y_1990",0.399993469412789,0.211369240908348,3.40495461693391e-05,0.388603240132694
"Q2y_1990",0.399999617211585,0.221315497179621,7.58890384329938e-07,0.378684126718409
"Q3y_1990",0.399997140194253,0.224755618671460,1.60210723513823e-06,0.375245639027051
"Q4y_1990",0.399999560928468,0.199996181075613,5.33913246532195e-06,0.399998918863454
"Q1y_1991",0.3999999322962,0.200000015592180,5.4995038017843e-08,0.399999997116582
"Q2y_1991",0.399994487696825,0.203542178916021,2.42251670935213e-06,0.396460910870444
"Q3y_1991",0.399993105729249,0.199768397705821,0.000307960475181668,0.399930536089748
"Q4y_1991",0.399999968531825,0.200002738907312,3.98470243577936e-07,0.399996894090619
"Q1y_1992",0.399999114161803,0.215771402258034,6.48209865272767e-05,0.384164662593636
"Q2y_1992",0.399985076054109,0.199066154452048,0.00120254678351382,0.399746222710329
"Q3y_1992",0.399997208923728,0.224854167632344,5.64356618347785e-05,0.375092187782093
"Q4y_1992",0.399998151460225,0.206027498913444,5.86667597931019e-06,0.393968482950352
"Q1y_1993",0.399999173069611,0.17226440060266,0.234678259220563,0.193058167107166
"Q2y_1993",0.4,0.14,0.06,0.4
"Q3y_1993",0.399981687886578,0.116916423639471,0.0831159247995937,0.399985963674357
"Q4y_1993",0.399992208578627,0.0952669220022427,0.104781106568954,0.399959762850177
"Q1y_1994",0.399999961823877,0.196013322740806,0.163347651853146,0.240639063582171
"Q2y_1994",0.399996009289532,0.200321300186791,0.177034902700823,0.222647787822853
"Q3y_1994",0.399997911217689,0.187473258382911,0.169310460277229,0.243218370122171
"Q4y_1994",0.399998373005819,0.226186100442449,0.236646371220876,0.137169155330856
"Q1y_1995",0.399999923510118,0.164899940621069,0.255429992135348,0.179670143733466
"Q2y_1995",0.399999995693286,0.246945883752107,0.181800157012147,0.17125396354246
"Q3y_1995",0.399999484097642,0.261335146941406,0.177101327706272,0.161564041254681
"Q4y_1995",0.3999992460674,0.269893611597819,0.165208454703588,0.164898687631192
"Q1y_1996",0.399999980076656,0.363617398764681,0.149553354657020,0.0868292665016428
"Q2y_1996",0.399997027036257,0.379855542218283,0.138113561840113,0.0820338689053469
"Q3y_1996",0.399974354873732,0.399990831259871,0.118214634911892,0.0818201789545057
"Q4y_1996",0.39999869368836,0.310620602367498,0.171328669031504,0.118052034912638
"Q1y_1997",0.399998407058863,0.304794111978637,0.179204076467797,0.116003404494703
"Q2y_1997",0.39999770841364,0.290800863035483,0.210393609265274,0.0988078192856026
"Q3y_1997",0.399999091067464,0.308915490866782,0.192342810028018,0.0987426080377365
"Q4y_1997",0.399999542709697,0.289841431911163,0.148695481691638,0.161463543687502
"Q1y_1998",0.3999993442161,0.36817106228451,0.161365463630850,0.0704641298685395
"Q2y_1998",0.399997716638433,0.357549501875464,0.170100977905798,0.0723518035803045
"Q3y_1998",0.399998132501962,0.329195039142915,0.204920418920567,0.0658864094345562
"Q4y_1998",0.399998901042274,0.238527717243399,0.256490498994518,0.104982882719810
"Q1y_1999",0.399997518691944,0.260205993083036,0.278348079765318,0.0614484084597024
"Q2y_1999",0.399999988773883,0.271537802330336,0.294611473385745,0.0338507355100351
"Q3y_1999",0.399999136027148,0.274896311964997,0.277179781884636,0.0479247701232191
"Q4y_1999",0.399998378811608,0.231800670841379,0.303366984264654,0.0648339660823593
"Q1y_2000",0.399999014344787,0.274767200650062,0.262790780119271,0.0624430048858797
"Q2y_2000",0.399999114188170,0.234258237863776,0.267221142594649,0.0985215053534056
"Q3y_2000",0.399998512822774,0.247250667294866,0.255940467573603,0.0968103523087572
"Q4y_2000",0.399999040979377,0.257628824345008,0.264934417007895,0.0774377176677194
"Q1y_2001",0.399999271600903,0.222617639330692,0.269987316003904,0.107395773064502
"Q2y_2001",0.399999955346288,0.200632004250650,0.243185816433775,0.156182223969288
"Q3y_2001",0.399996136137312,0.208881733314079,0.254381640114484,0.136740490434125
"Q4y_2001",0.39999824544404,0.219872298593115,0.246754602908306,0.133374853054539
"Q1y_2002",0.399994979318516,0.219122308078102,0.255526430571560,0.125356282031823
"Q2y_2002",0.399999108381023,0.235428743144982,0.265126236561783,0.0994459119122116
"Q3y_2002",0.399998902105615,0.186556321476678,0.275864359025259,0.137580417392447
"Q4y_2002",0.399999643424741,0.0941742903872793,0.116308270776385,0.389517795411595
"Q1y_2003",0.399999555132505,0.0849297723399402,0.125119008790694,0.38995166373686
"Q2y_2003",0.39999945165118,0.202900636111217,0.327858438413982,0.0692414738236199
"Q3y_2003",0.399998483339701,0.214045765604914,0.2967301269753,0.089225624080085
"Q4y_2003",0.399996316263208,0.210460901996242,0.281865853765027,0.107676927975524
"Q1y_2004",0.399999304032647,0.199680044437487,0.262122589907054,0.138198061622812
"Q2y_2004",0.39999915361072,0.190120686916414,0.24955650953022,0.160323649942646
"Q3y_2004",0.399999768551515,0.202287909271326,0.255763388927597,0.141948933249562
"Q4y_2004",0.399998135412845,0.219289981162101,0.281450492803139,0.0992613906219156
"Q1y_2005",0.399999397373598,0.246848734336919,0.305302525872824,0.0478493424166588
"Q2y_2005",0.399998378495459,0.242021004767226,0.290119009156175,0.0678616075811403
"Q3y_2005",0.399999260177332,0.25667558958632,0.285289599650879,0.0580355505854689
"Q4y_2005",0.399996285001211,0.251076934580529,0.297337678420403,0.0515891019978562
"Q1y_2006",0.399999691356274,0.261221048784125,0.301291925466791,0.0374873343928104
"Q2y_2006",0.399999973577654,0.275839019583553,0.296764605478110,0.0273964013606829
"Q3y_2006",0.399999594801444,0.272072013261594,0.274418199415979,0.0535101925209836
"Q4y_2006",0.399999385287132,0.3780560270855,0.213766236011691,0.00817835161567759
"Q1y_2007",0.399999803241408,0.392354191235915,0.207274678258225,0.000371327264452323
"Q2y_2007",0.399997263053317,0.379159136286950,0.213239864741603,0.00760373591813044
"Q3y_2007",0.399999186924835,0.336764222517843,0.238517856684388,0.0247187338729335
"Q4y_2007",0.399997751602127,0.327010190316871,0.239016737509115,0.0339753205718878
"Q1y_2008",0.399999955034849,0.322063441750469,0.232003584087268,0.0459330191274132
"Q2y_2008",0.399998285524798,0.330857044170674,0.197300038051846,0.0718446322526822
"Q3y_2008",0.399998349511924,0.253899378131133,0.210302954504575,0.135799317852368
"Q4y_2008",0.399996690530815,0.399800094249416,0.153163877322237,0.0470393378975323
"Q1y_2009",0.399996379963399,0.399938409818373,0.194094460488993,0.00597074972923482
"Q2y_2009",0.399999769735193,0.365720305933916,0.212397838865317,0.0218820854655746
"Q3y_2009",0.399998602277497,0.369978559543006,0.200326507127535,0.0296963310519626
"Q4y_2009",0.399999211996726,0.304120252919706,0.238539280361011,0.0573412547225568
"Q1y_2010",0.399999810295080,0.233985603803771,0.307675777334153,0.0583388085669958
"Q2y_2010",0.399999562919585,0.258878579478740,0.277166650297479,0.0639552073041961
"Q3y_2010",0.399999899902271,0.321201811433938,0.219518155143504,0.0592801335202877
