"Bond","SP500","EAFE","SPGSCI"
"Q1y_1984",0.490778138227492,0.193367073979410,0.166244062154319,0.149610725638778
"Q2y_1984",0.516956292563068,0.176893073891645,0.16300125849288,0.143149375052407
"Q3y_1984",0.430151331466573,0.189470677461591,0.144430819789100,0.235947171282736
"Q4y_1984",0.45004399118948,0.209816959324375,0.155521645620357,0.184617403865787
"Q1y_1985",0.432189904438899,0.214863627899910,0.162245855970676,0.190700611690515
"Q2y_1985",0.440139271835682,0.215761572412732,0.158989131375727,0.185110024375859
"Q3y_1985",0.414303212229969,0.210563115253131,0.149629210171447,0.225504462345453
"Q4y_1985",0.437896673432877,0.186747445922018,0.147575661979693,0.227780218665411
"Q1y_1986",0.472323625093261,0.185703870804839,0.140990717030964,0.200981787070937
"Q2y_1986",0.449984471862288,0.214112421848929,0.167179490445469,0.168723615843314
"Q3y_1986",0.458799833598954,0.213559575512844,0.159424235683838,0.168216355204364
"Q4y_1986",0.517471321277675,0.177655227805288,0.150840295371847,0.154033155545190
"Q1y_1987",0.539615791799331,0.173335747238975,0.140075015861682,0.146973445100012
"Q2y_1987",0.546032930073558,0.180352163191954,0.134658997457524,0.138955909276964
"Q3y_1987",0.49129818015935,0.202448530629281,0.149149048117636,0.157104241093733
"Q4y_1987",0.4774192478757,0.203690634139035,0.152493581890860,0.166396536094405
"Q1y_1988",0.63931112306558,0.107970568451365,0.109238129944887,0.143480178538167
"Q2y_1988",0.501256716251629,0.125810348706841,0.135092087602313,0.237840847439217
"Q3y_1988",0.476669956912286,0.126899116825233,0.132504396379060,0.263926529883421
"Q4y_1988",0.496214990300048,0.120903972689987,0.122965078132087,0.259915958877877
"Q1y_1989",0.487163026123825,0.118035409608018,0.122734056068501,0.272067508199656
"Q2y_1989",0.492309529526386,0.115129673855350,0.113686195014680,0.278874601603584
"Q3y_1989",0.516427484866005,0.112382576065144,0.100137233924348,0.271052705144503
"Q4y_1989",0.482727235360873,0.122865792306178,0.104512855488465,0.289894116844484
"Q1y_1990",0.517645573412848,0.110904396774029,0.0934363618947526,0.278013667918371
"Q2y_1990",0.519505935414048,0.113002726607976,0.0886189945801508,0.278872343397826
"Q3y_1990",0.516922633931447,0.108242899187084,0.0949164882802116,0.279917978601258
"Q4y_1990",0.60106359847357,0.110746095516065,0.0695380605385225,0.218652245471843
"Q1y_1991",0.666450128927942,0.119557858413276,0.0644858894473328,0.149506123211448
"Q2y_1991",0.669915644785406,0.113077286950610,0.0673685243596166,0.149638543904368
"Q3y_1991",0.610435809412653,0.094166509908414,0.067355556004872,0.228042124674061
"Q4y_1991",0.622040435950882,0.0895710940245566,0.0653510261430794,0.223037443881482
"Q1y_1992",0.67530074055643,0.0863113433682002,0.0647235621425164,0.173664353932853
"Q2y_1992",0.598535933414928,0.100347183575545,0.0765983088872384,0.224518574122289
"Q3y_1992",0.62750524492199,0.0916498951670194,0.0706551641440454,0.210189695766945
"Q4y_1992",0.640297412990844,0.0902520649727594,0.0675012276725394,0.201949294363857
"Q1y_1993",0.616266704328383,0.103637716145829,0.0781717322943566,0.201923847231431
"Q2y_1993",0.62351066644407,0.0948765353941577,0.077675302447266,0.203937495714506
"Q3y_1993",0.667564551332715,0.0923661147117951,0.0687908953895068,0.171278438565983
"Q4y_1993",0.661181776000289,0.0854732157439048,0.0722410129993783,0.181103995256428
"Q1y_1994",0.681396049263352,0.106726280331161,0.0638224659314505,0.148055204474036
"Q2y_1994",0.595820589973496,0.124170920340113,0.0930437672762115,0.18696472241018
"Q3y_1994",0.532449199823926,0.127438808311359,0.106699409610611,0.233412582254104
"Q4y_1994",0.552386508814188,0.146442604662331,0.122435637848946,0.178735248674534
"Q1y_1995",0.536639378198861,0.142836929294134,0.103883902678687,0.216639789828318
"Q2y_1995",0.507392449630139,0.153296020677552,0.107388995502673,0.231922534189636
"Q3y_1995",0.477177180818449,0.169684049751529,0.110147740437816,0.242991028992206
"Q4y_1995",0.50325544875609,0.174055562126542,0.0955711745370314,0.227117814580336
"Q1y_1996",0.501205533705378,0.192611378374507,0.0984850665569471,0.207698021363168
"Q2y_1996",0.43692580189241,0.257979813722906,0.107639499230378,0.197454885154306
"Q3y_1996",0.392584669887413,0.31774180424732,0.0960690948616935,0.193604431003574
"Q4y_1996",0.502431191996746,0.200836666453742,0.110686640916203,0.186045500633309
"Q1y_1997",0.524653337424815,0.185280761284250,0.121040573712761,0.169025327578174
"Q2y_1997",0.537775603759191,0.185661031985553,0.129519630044851,0.147043734210405
"Q3y_1997",0.521222530777508,0.168102478084296,0.114538174702483,0.196136816435713
"Q4y_1997",0.528628554550545,0.155025586157391,0.100275887496653,0.216069971795412
"Q1y_1998",0.603976235178663,0.164078268277278,0.104181092201960,0.127764404342099
"Q2y_1998",0.584286736629012,0.167794714449793,0.106056467246060,0.141862081675135
"Q3y_1998",0.594096757403628,0.154864874923102,0.114182696231284,0.136855671441985
"Q4y_1998",0.693935248689398,0.108439598882880,0.0800078106105538,0.117617341817168
"Q1y_1999",0.687115500534686,0.128410158444126,0.0964697938261257,0.0880045471950624
"Q2y_1999",0.597304492801258,0.155181722148502,0.131876119696753,0.115637665353487
"Q3y_1999",0.595469883303956,0.171718039955361,0.130239449110122,0.102572627630561
"Q4y_1999",0.594609082989479,0.156019478320548,0.138736705298117,0.110634733391856
"Q1y_2000",0.584164860728215,0.160861517051006,0.141437313779236,0.113536308441543
"Q2y_2000",0.609175990715527,0.15100060135774,0.118392798192086,0.121430609734647
"Q3y_2000",0.615267984977165,0.144379168808669,0.115284648412998,0.125068197801168
"Q4y_2000",0.645160201315415,0.141071503894365,0.118021417310878,0.0957468774793424
"Q1y_2001",0.670702969978373,0.117184897504080,0.106595885906934,0.105516246610612
"Q2y_2001",0.703173683522455,0.096433414244904,0.0877990158817167,0.112593886350924
"Q3y_2001",0.698596533298416,0.0982741908567397,0.0896339805701399,0.113495295274704
"Q4y_2001",0.725875326004254,0.0853368113311082,0.0869449279946054,0.101842934670032
"Q1y_2002",0.708319243525226,0.092288237549052,0.101878620194059,0.0975138987316627
"Q2y_2002",0.723428555302111,0.0848425563111073,0.0932795317433747,0.098449356643407
"Q3y_2002",0.716297721696594,0.0852629097846422,0.101595114962255,0.0968442535565087
"Q4y_2002",0.750312860801152,0.0698659022750543,0.077896988912092,0.101924248011701
"Q1y_2003",0.757594746916383,0.0613949262437253,0.0729306127828114,0.108079714057081
"Q2y_2003",0.768357875052511,0.0692172382635451,0.0825341399337085,0.0798907467502356
"Q3y_2003",0.797987434690939,0.068344897383736,0.07423887774827,0.0594287901770556
"Q4y_2003",0.68775862612816,0.0974147523711918,0.116005305659533,0.0988213158411145
"Q1y_2004",0.671963847645702,0.0965962850482659,0.114771091830632,0.116668775475401
"Q2y_2004",0.687387807547454,0.0907347243202898,0.108024994678485,0.113852473453771
"Q3y_2004",0.628626597904892,0.104061504926725,0.117976819565515,0.149335077602868
"Q4y_2004",0.647728675648732,0.104602392558216,0.112989031931863,0.134679899861190
"Q1y_2005",0.676375322961014,0.104799203363228,0.108527232137734,0.110298241538024
"Q2y_2005",0.684467365350475,0.108000862047116,0.108152383864257,0.0993793887381515
"Q3y_2005",0.695310130361881,0.107761877239233,0.105707144650685,0.0912208477482016
"Q4y_2005",0.693283592605094,0.113564985038718,0.113428980775199,0.079722441580989
"Q1y_2006",0.690352614038689,0.12132134491307,0.117805519110214,0.0705205219380267
"Q2y_2006",0.689699523496762,0.128738912771460,0.116003768041170,0.0655577956906084
"Q3y_2006",0.681299137574592,0.132127426402480,0.110595004435091,0.0759784315878371
"Q4y_2006",0.635802566486766,0.179248281694118,0.113238573764601,0.0717105780545154
"Q1y_2007",0.634176709363684,0.187611838237262,0.115735760804868,0.062475691594185
"Q2y_2007",0.639674268454879,0.186455170583765,0.109765121704734,0.0641054392566222
"Q3y_2007",0.63912570376577,0.173414777819820,0.113397093204328,0.0740624252100807
"Q4y_2007",0.65736172635561,0.158875210248242,0.108493618995023,0.0752694444011248
"Q1y_2008",0.68028227397823,0.145933644497125,0.104051943332499,0.0697321381921469
"Q2y_2008",0.721227069128089,0.126260913351751,0.0820242190294728,0.0704877984906873
"Q3y_2008",0.711939802023286,0.120592348913024,0.0871099218279432,0.080357927235747
"Q4y_2008",0.775173811080599,0.109295977296017,0.0622755980127185,0.053254613610665
"Q1y_2009",0.802837162672311,0.0965410298216116,0.0619316638376584,0.0386901436684186
"Q2y_2009",0.784541372762573,0.0948133008526243,0.0717614062930487,0.0488839200917541
"Q3y_2009",0.805605826549991,0.0853736123293633,0.0621216725313215,0.0468988885893241
"Q4y_2009",0.782840925748151,0.0866013392313042,0.0711202357957374,0.0594374992248071
"Q1y_2010",0.74788378853079,0.0891463023239502,0.0911158479314064,0.0718540612138532
"Q2y_2010",0.72218594856493,0.101532085643201,0.101605409035520,0.0746765567563478
"Q3y_2010",0.791186243591701,0.0894530820134055,0.06343060668093,0.0559300677139633
