"Bond","SP500","EAFE","SPGSCI"
"Q1y_1984",0.490274409135646,0.193852104872077,0.166264280766681,0.149609205225596
"Q2y_1984",0.527568606254118,0.216872702331306,0.201388842862989,0.0541698485515872
"Q3y_1984",0.465368179613808,0.262523715292553,0.192295546472646,0.0798125586209926
"Q4y_1984",0.449446837617816,0.210210413682000,0.155613137660188,0.184729611039995
"Q1y_1985",0.432459976029619,0.215244553303981,0.161118625372260,0.191176845294140
"Q2y_1985",0.440120582278286,0.215854470817953,0.158866706505666,0.185158240398095
"Q3y_1985",0.413258439171783,0.210667760762362,0.150065249271818,0.226008550794036
"Q4y_1985",0.445055619732692,0.197230454471518,0.153807636461655,0.203906289334134
"Q1y_1986",0.488828270426636,0.208001407549998,0.149878191229422,0.153292130793944
"Q2y_1986",0.450849424770485,0.214408457585283,0.165972136692613,0.168769980951619
"Q3y_1986",0.468189432221674,0.228071834274113,0.165277500268777,0.138461233235436
"Q4y_1986",0.566281500748463,0.198931444499441,0.16189348044932,0.0728935743027759
"Q1y_1987",0.605636077950125,0.202612637611997,0.148692818593128,0.0430584658447501
"Q2y_1987",0.549101562134082,0.273067587554525,0.177493802954539,0.000337047356853508
"Q3y_1987",0.273587843353188,0.282198905258806,0.235548118925112,0.208665132462894
"Q4y_1987",0.263425117158069,0.282006011350579,0.234632598306198,0.219936273185154
"Q1y_1988",0.204968703178542,0.23973354513724,0.251874574446293,0.303423177237925
"Q2y_1988",0.157456363417176,0.205070175065299,0.246564310600694,0.390909150916831
"Q3y_1988",0.149702489273828,0.216537911912571,0.239144001497644,0.394615597315957
"Q4y_1988",0.0408970803207499,0.243585173509212,0.263776200533746,0.451741545636291
"Q1y_1989",0.217757776007949,0.190402675468432,0.201865099070396,0.389974449453223
"Q2y_1989",0.269120003097131,0.175518480686755,0.175448378361034,0.379913137855080
"Q3y_1989",0.322304601020527,0.165672863724452,0.151479959320153,0.360542575934868
"Q4y_1989",0.267738254399402,0.181624696240718,0.165327543320876,0.385309506039004
"Q1y_1990",0.310675025539236,0.170919285284661,0.149141665406320,0.369264023769782
"Q2y_1990",0.521190287988222,0.112400892599846,0.08701476528655,0.279394054125382
"Q3y_1990",0.518030015352961,0.161020896146954,0.00549280055736508,0.315456287942721
"Q4y_1990",0.601258191697143,0.110520760904461,0.0696283648179248,0.218592682580472
"Q1y_1991",0.666606008022134,0.119317407213264,0.0649255909582104,0.149150993806392
"Q2y_1991",0.670340488121054,0.112956636308960,0.0670627943376362,0.149640081232351
"Q3y_1991",0.61164334562064,0.0944553769195201,0.0660142862465466,0.227886991213293
"Q4y_1991",0.6227666452944,0.0887389983126448,0.0652838597155132,0.223210496677442
"Q1y_1992",0.677585807136897,0.0855125779827467,0.0630494665728212,0.173852148307535
"Q2y_1992",0.600128499964757,0.0971602919959441,0.0774703291881572,0.225240878851142
"Q3y_1992",0.627060638918904,0.09078297478113,0.0708638953122686,0.211292490987697
"Q4y_1992",0.641892645025251,0.0909549849131145,0.0650815905742886,0.202070779487346
"Q1y_1993",0.615325066607092,0.104598155552402,0.0784150025650077,0.201661775275498
"Q2y_1993",0.624122496454948,0.0949033621937203,0.0777204182065876,0.203253723144744
"Q3y_1993",0.669621702585511,0.0919235276306947,0.0662267781004167,0.172227991683377
"Q4y_1993",0.662343740597377,0.0838381373317796,0.0730693546749466,0.180748767395897
"Q1y_1994",0.682973417825488,0.108299892886036,0.0603168106762164,0.148409878612260
"Q2y_1994",0.595328955272529,0.124526155137577,0.0928126421310747,0.187332247458820
"Q3y_1994",0.639958316028089,0.155089500700894,0.149373559518339,0.0555786237526781
"Q4y_1994",0.577547827330173,0.152560640017927,0.135069663660245,0.134821868991656
"Q1y_1995",0.576242741479833,0.1529501993749,0.118793560822839,0.152013498322428
"Q2y_1995",0.535147771037518,0.159782479750236,0.119075889270435,0.185993859941811
"Q3y_1995",0.481363289906112,0.171560350846701,0.109204650002893,0.237871709244295
"Q4y_1995",0.523821218390092,0.179974884412362,0.103534422414260,0.192669474783286
"Q1y_1996",0.528833203523431,0.217597207624697,0.0280234281664600,0.225546160685413
"Q2y_1996",0.381072944183881,0.289707779525626,0.117935722335643,0.211283553954850
"Q3y_1996",0.389704543394521,0.320389742586338,0.0956071162423456,0.194298597776796
"Q4y_1996",0.352622527694520,0.274158066175422,0.146052092935671,0.227167313194388
"Q1y_1997",0.329928848165261,0.274243712496526,0.175086209288733,0.220741230049480
"Q2y_1997",0.34970230344867,0.272264908667167,0.184600494661855,0.193432293222307
"Q3y_1997",0.281872672268300,0.267088692123984,0.177913868918789,0.273124766688926
"Q4y_1997",0.297217194792900,0.246904351457226,0.153668501720497,0.302209952029378
"Q1y_1998",0.603822726483234,0.164215974958932,0.104166559179009,0.127794739378825
"Q2y_1998",0.614649907458474,0.173080704372454,0.116651960622216,0.0956174275468552
"Q3y_1998",0.594211423484525,0.154990390830556,0.114319487995828,0.136478697689090
"Q4y_1998",0.693948201352338,0.108455817912308,0.0799676603948475,0.117628320340507
"Q1y_1999",0.686961601626618,0.127815966922048,0.096843211794308,0.0883792196570264
"Q2y_1999",0.598339370699916,0.154784432155299,0.131861955635076,0.115014241509709
"Q3y_1999",0.59533858393263,0.173184572814441,0.128685363257614,0.102791479995315
"Q4y_1999",0.640200007968913,0.179333763682172,0.180419558837033,4.66695118822621e-05
"Q1y_2000",0.335753439815670,0.260628798067332,0.220825326643631,0.182792435473368
"Q2y_2000",0.284034504276877,0.278444407077287,0.211105222594447,0.226415866051389
"Q3y_2000",0.269474899977479,0.277640712470314,0.213936097721165,0.238948289831042
"Q4y_2000",0.5251329217183,0.296148002109664,0.000110595925494995,0.178608480246541
"Q1y_2001",0.71542035339782,0.156503533650676,3.42501950829446e-05,0.128041862756422
"Q2y_2001",0.70179124329214,0.096953921654665,0.0885812417060666,0.112673593347128
"Q3y_2001",0.699530764863947,0.096435994989612,0.0907374798984539,0.113295760247987
"Q4y_2001",0.725806249130077,0.0853444905421167,0.0868981145975951,0.101951145730212
"Q1y_2002",0.708349099207898,0.0915681148607054,0.102318196903820,0.0977645890275761
"Q2y_2002",0.724178890309844,0.0839879340413123,0.0935241941635552,0.0983089814852889
"Q3y_2002",0.716764959976363,0.0852313483719126,0.101519287508537,0.096484404143187
"Q4y_2002",0.75010642755109,0.0693837888938195,0.078243903851286,0.102265879703804
"Q1y_2003",0.757791911607482,0.0603704936914555,0.0730234573633127,0.108814137337750
"Q2y_2003",0.767336028646063,0.070045675727652,0.0819828004236978,0.0806354952025877
"Q3y_2003",0.798129981717095,0.0687105057607644,0.0735507616402771,0.0596087508818632
"Q4y_2003",0.687650469059964,0.0976812639860352,0.115611662476741,0.0990566044772595
"Q1y_2004",0.677625532363336,0.0659375127432517,0.136135506614041,0.120301448279371
"Q2y_2004",0.659660025896175,0.000270012912381113,0.19609430145044,0.143975659741004
"Q3y_2004",0.376148932911796,0.169857173474045,0.192262276209019,0.261731617405141
"Q4y_2004",0.567464407707088,0.00108177578901821,0.238510054507402,0.192943761996492
"Q1y_2005",0.255365284352496,0.230869753277571,0.237737995919267,0.276026966450666
"Q2y_2005",0.244504655464609,0.252269150472229,0.255472460565257,0.247753733497905
"Q3y_2005",0.221147276700604,0.26676681478216,0.269713369341434,0.242372539175802
"Q4y_2005",0.192534825873649,0.290146947209979,0.292010384298466,0.225307842617906
"Q1y_2006",0.221528015613680,0.291633688242715,0.287800935789676,0.199037360353929
"Q2y_2006",0.251440942398971,0.298909044684879,0.27173464021157,0.177915372704579
"Q3y_2006",0.210698263395477,0.315797397456708,0.266308764447767,0.207195574700049
"Q4y_2006",0.363024637090306,0.316437728052447,0.189890837404295,0.130646797452952
"Q1y_2007",0.631392892568268,0.218285391468768,0.150102041781898,0.000219674181065624
"Q2y_2007",0.3696095175817,0.322843227648474,0.189281938082169,0.118265316687658
"Q3y_2007",0.337944949199159,0.318042627466703,0.202473763964237,0.141538659369901
"Q4y_2007",0.274447174196533,0.335501229603780,0.223502427670008,0.16654916852968
"Q1y_2008",0.184834671795626,0.365142287402217,0.263185396603917,0.186837644198239
"Q2y_2008",0.683518567746785,0.000215540941103031,0.195942613624046,0.120323277688066
"Q3y_2008",0.53586707292012,0.00137541413163828,0.281094179909803,0.181663333038439
"Q4y_2008",0.775910180085309,0.109527993274174,0.061678926391516,0.0528829002490011
"Q1y_2009",0.803586764091671,0.0956774345864077,0.0618498312639086,0.0388859700580124
"Q2y_2009",0.785045723014108,0.094606975177581,0.0723192322324819,0.048028069575829
"Q3y_2009",0.805375267641621,0.0856120397095793,0.0625706861196779,0.0464420065291215
"Q4y_2009",0.783012335175393,0.0867511775822883,0.0707588516405678,0.0594776356017506
"Q1y_2010",0.749284908921552,0.0891463546390415,0.0911267066318017,0.0704420298076051
"Q2y_2010",0.721934311130934,0.101913489993451,0.101859993830323,0.0742922050452914
"Q3y_2010",0.791285668644203,0.0897094753697083,0.0631267943116872,0.0558780616744019
